[-1.33124515e-01  9.18103218e-01  1.84380546e-01  1.02930844e+00
 -3.83953333e-01 -6.28422678e-01  1.65933788e-01  5.35273254e-01
  3.68795991e-01  2.67135143e-01  3.86073142e-01 -1.10666203e+00
 -1.21611439e-01 -1.16453040e+00  6.20001495e-01 -4.42721546e-01
 -1.10052776e+00 -5.44578254e-01  1.01470694e-01  7.04690337e-01
 -5.59799466e-03 -6.33024335e-01  4.75645363e-01  6.28040969e-01
 -5.12725353e-01  3.86936426e-01 -3.04892927e-01  5.47487915e-01
  1.77611649e-01 -5.06043792e-01 -6.86652601e-01 -4.13089007e-01
 -5.50888896e-01 -4.99828547e-01  5.35900235e-01  1.55139163e-01
  2.59839445e-01  8.15749228e-01 -4.71183568e-01  1.86193645e-01
 -4.65536088e-01 -2.87005156e-01  2.25301608e-01  9.42400321e-02
 -2.69175112e-01 -7.26211429e-01 -8.17768812e-01  1.90698326e-01
  4.76626575e-01  1.01509050e-03  5.15555501e-01  9.10898950e-03
  2.77367562e-01  7.47595057e-02  5.00203371e-01  1.33924365e-01
 -1.27845609e+00  6.68909609e-01  1.10828765e-01  3.49642076e-02
 -1.44556224e-01  1.11035883e-01 -3.60570759e-01  2.18924642e-01
 -3.52041662e-01  1.94813356e-01 -2.04283133e-01 -1.79176718e-01
  1.14270307e-01 -4.57852662e-01 -1.75777655e-02  2.94449031e-01
  7.91632235e-02  2.50223726e-01  3.34411919e-01  1.17259741e+00
 -6.12670302e-01 -2.26102471e-01 -3.85166347e-01 -4.42982346e-01
  2.60001272e-01 -2.84005374e-01 -7.45373011e-01  3.49632621e-01
  1.16052493e-01 -4.30287242e-01 -3.59564096e-01 -2.14481890e-01
 -4.75315005e-01 -8.37272406e-02 -5.45321524e-01 -8.08204532e-01
  5.01694679e-01  4.67936695e-01 -6.42899424e-02 -1.26667368e+00
 -6.24476522e-02 -5.85612595e-01  2.90586054e-01 -6.58121765e-01
  2.30268970e-01  4.71841991e-01 -6.03564501e-01  4.07522529e-01
  2.16675520e-01  3.24035406e-01  2.85875767e-01  1.11195333e-01
 -3.05919915e-01  9.45364535e-02  1.01288527e-01  5.23705959e-01
 -4.65102911e-01  2.19720706e-01 -3.92719775e-01  7.29660839e-02
  3.77367496e-01  2.52744466e-01  1.63048152e-02  5.50432503e-01
 -6.59015000e-01  5.42133749e-01 -2.20736384e-01 -5.10586314e-02
  1.91277191e-01 -2.23716632e-01 -3.09653729e-01 -1.07888822e-02
  4.40853313e-02 -6.87740982e-01 -1.36877090e-01 -7.48534858e-01
 -5.23981392e-01 -6.52301610e-01 -1.90461487e-01 -2.01296061e-01
 -4.91632879e-01 -1.60466924e-01  1.20696580e+00 -4.20165241e-01
 -4.75719720e-01 -2.54275143e-01  1.17392629e-01 -3.44326526e-01
 -3.81359607e-01 -2.29614243e-01 -7.39534914e-01 -3.65952373e-01
  3.85774374e-01 -3.33822578e-01 -4.92086977e-01 -6.16324902e-01
  1.00855780e+00  7.76296973e-01  2.48736486e-01 -1.98906660e-01
 -8.62654001e-02  1.22742631e-01 -3.41924846e-01  6.56218410e-01
  3.82201105e-01 -7.50263035e-03 -1.95174038e-01 -4.51846570e-01
  1.19426109e-01  2.59298354e-01  2.47543901e-01  7.49186873e-01
  5.57521701e-01 -3.35442573e-01  2.29801252e-01  5.22457480e-01
  6.22244954e-01  4.83744234e-01  3.83347332e-01  6.46800935e-01
 -3.51286471e-01  1.99001580e-02  4.25643682e-01 -5.14911771e-01
 -1.24491066e-01 -1.51970349e-02  1.93608459e-02  2.16346815e-01
  4.14038748e-01 -5.53167701e-01  6.73796117e-01  5.02415955e-01
 -5.60600571e-02  2.77988195e-01 -3.76928777e-01  1.46389827e-01
 -7.87057281e-02 -1.08197081e+00  4.68920678e-01  9.20853019e-01
 -7.92891532e-02  6.14935160e-01 -3.26593816e-02  5.46035349e-01]