新冠的词向量是：
c:\Users\kaeto\Desktop\weiboF\code\calModel.py:11: DeprecationWarning: Call to deprecated `__getitem__` (Method will be removed in 4.0.0, use self.wv.__getitem__() instead).
  print(model['新冠'])
[-1.33124515e-01  9.18103218e-01  1.84380546e-01  1.02930844e+00
 -3.83953333e-01 -6.28422678e-01  1.65933788e-01  5.35273254e-01
  3.68795991e-01  2.67135143e-01  3.86073142e-01 -1.10666203e+00
 -1.21611439e-01 -1.16453040e+00  6.20001495e-01 -4.42721546e-01
 -1.10052776e+00 -5.44578254e-01  1.01470694e-01  7.04690337e-01
 -5.59799466e-03 -6.33024335e-01  4.75645363e-01  6.28040969e-01
 -5.12725353e-01  3.86936426e-01 -3.04892927e-01  5.47487915e-01
  1.77611649e-01 -5.06043792e-01 -6.86652601e-01 -4.13089007e-01
 -5.50888896e-01 -4.99828547e-01  5.35900235e-01  1.55139163e-01
  2.59839445e-01  8.15749228e-01 -4.71183568e-01  1.86193645e-01
 -4.65536088e-01 -2.87005156e-01  2.25301608e-01  9.42400321e-02
 -2.69175112e-01 -7.26211429e-01 -8.17768812e-01  1.90698326e-01
  4.76626575e-01  1.01509050e-03  5.15555501e-01  9.10898950e-03
  2.77367562e-01  7.47595057e-02  5.00203371e-01  1.33924365e-01
 -1.27845609e+00  6.68909609e-01  1.10828765e-01  3.49642076e-02
 -1.44556224e-01  1.11035883e-01 -3.60570759e-01  2.18924642e-01
 -3.52041662e-01  1.94813356e-01 -2.04283133e-01 -1.79176718e-01
  1.14270307e-01 -4.57852662e-01 -1.75777655e-02  2.94449031e-01
  7.91632235e-02  2.50223726e-01  3.34411919e-01  1.17259741e+00
 -6.12670302e-01 -2.26102471e-01 -3.85166347e-01 -4.42982346e-01
  2.60001272e-01 -2.84005374e-01 -7.45373011e-01  3.49632621e-01
  1.16052493e-01 -4.30287242e-01 -3.59564096e-01 -2.14481890e-01
 -4.75315005e-01 -8.37272406e-02 -5.45321524e-01 -8.08204532e-01
  5.01694679e-01  4.67936695e-01 -6.42899424e-02 -1.26667368e+00
 -6.24476522e-02 -5.85612595e-01  2.90586054e-01 -6.58121765e-01
  2.30268970e-01  4.71841991e-01 -6.03564501e-01  4.07522529e-01
  2.16675520e-01  3.24035406e-01  2.85875767e-01  1.11195333e-01
 -3.05919915e-01  9.45364535e-02  1.01288527e-01  5.23705959e-01
 -4.65102911e-01  2.19720706e-01 -3.92719775e-01  7.29660839e-02
  3.77367496e-01  2.52744466e-01  1.63048152e-02  5.50432503e-01
 -6.59015000e-01  5.42133749e-01 -2.20736384e-01 -5.10586314e-02
  1.91277191e-01 -2.23716632e-01 -3.09653729e-01 -1.07888822e-02
  4.40853313e-02 -6.87740982e-01 -1.36877090e-01 -7.48534858e-01
 -5.23981392e-01 -6.52301610e-01 -1.90461487e-01 -2.01296061e-01
 -4.91632879e-01 -1.60466924e-01  1.20696580e+00 -4.20165241e-01
 -4.75719720e-01 -2.54275143e-01  1.17392629e-01 -3.44326526e-01
 -3.81359607e-01 -2.29614243e-01 -7.39534914e-01 -3.65952373e-01
  3.85774374e-01 -3.33822578e-01 -4.92086977e-01 -6.16324902e-01
  1.00855780e+00  7.76296973e-01  2.48736486e-01 -1.98906660e-01
 -8.62654001e-02  1.22742631e-01 -3.41924846e-01  6.56218410e-01
  3.82201105e-01 -7.50263035e-03 -1.95174038e-01 -4.51846570e-01
  1.19426109e-01  2.59298354e-01  2.47543901e-01  7.49186873e-01
  5.57521701e-01 -3.35442573e-01  2.29801252e-01  5.22457480e-01
  6.22244954e-01  4.83744234e-01  3.83347332e-01  6.46800935e-01
 -3.51286471e-01  1.99001580e-02  4.25643682e-01 -5.14911771e-01
 -1.24491066e-01 -1.51970349e-02  1.93608459e-02  2.16346815e-01
  4.14038748e-01 -5.53167701e-01  6.73796117e-01  5.02415955e-01
 -5.60600571e-02  2.77988195e-01 -3.76928777e-01  1.46389827e-01
 -7.87057281e-02 -1.08197081e+00  4.68920678e-01  9.20853019e-01
 -7.92891532e-02  6.14935160e-01 -3.26593816e-02  5.46035349e-01]


疫情的词向量是：
c:\Users\kaeto\Desktop\weiboF\code\calModel.py:14: DeprecationWarning: Call to deprecated `__getitem__` (Method will be removed in 4.0.0, use self.wv.__getitem__() instead).
  print(model['疫情'])
[-0.14394946 -0.09291589 -0.14028439  0.4088315  -0.2965777  -0.44195062
 -0.30980074  0.06724396 -0.10890312  0.12916632 -0.28529555 -0.5756778
 -0.7028896  -0.25409064  0.20060453 -0.19767573 -0.2729311  -0.12575123
 -0.06856584 -0.01413378 -0.06520578 -0.5232727   0.17482351  0.05293987
  0.20963718  0.25786248 -0.01826433  0.26752672  0.16034955  0.22226956
 -0.40870908 -0.22451125 -0.18802018  0.11661413  0.38803858 -0.04735522
  0.01581055  0.227496   -0.5651683   0.55667007 -0.3334702  -0.36268243
 -0.02788957  0.00821485 -0.02700867 -0.12817293 -0.30016342  0.3773522
 -0.397293    0.02680401  0.05750207  0.01301434  0.1270453  -0.00886757
  0.08452094 -0.4068448  -0.63048947  0.7022997  -0.06506669 -0.09411069
 -0.0943873  -0.01770542 -0.13143982  0.00155498 -0.2558284   0.24665591
 -0.24321733 -0.01630518  0.20376228  0.26993603 -0.06811423  0.07127407
 -0.10032246 -0.18305083  0.32101697  0.66008615 -0.12908347  0.09464412
 -0.00478562  0.40830413 -0.32855377 -0.02467362 -0.28943822  0.06700049
 -0.11315625 -0.20889609 -0.06959725 -0.26314238 -0.14565958  0.14725783
  0.06283071 -0.21449646 -0.27983007  0.17425685 -0.0171572  -0.6714307
 -0.22288659 -0.6633739   0.5662496  -0.24996    -0.15559031 -0.3750316
  0.23627199  0.2570758   0.00885605  0.06574757  0.32956374  0.21078947
 -0.47312164 -0.41950527  0.4308845   0.16710497  0.48050308 -0.29835543
 -0.06639555 -0.11782974 -0.04259529 -0.04071376  0.16204873  0.3020354
 -0.36066395  0.24390103 -0.0838836   0.3841344   0.21921831  0.18819425
 -0.30080968 -0.33621696  0.22371677 -0.22431108 -0.36271647 -0.25750074
 -0.18433265 -0.17690231 -0.2216353  -0.34275463 -0.21539983 -0.14445004
  0.12475258  0.1267922  -0.05442879  0.03509489  0.10169961  0.25065407
  0.1379209   0.13304727 -0.45522553 -0.37438473  0.21089886 -0.5140496
  0.03891195 -0.12156211  0.01131402 -0.05850988  0.09815123 -0.51052487
 -0.14780778  0.02527307 -0.09355301 -0.08916597 -0.03010816  0.17573081
 -0.06669345  0.2321874   0.05035125  0.4813447   0.21507575 -0.30920884
 -0.19280899 -0.13740517  0.22359022 -0.01490558 -0.0028569   0.06597024
  0.04207338  0.4749764  -0.13877974 -0.14876723 -0.08751886 -0.68777204
 -0.03229811  0.07935233 -0.15324841  0.19683346  0.43943986 -0.3376111
  0.1651615   0.26287588 -0.07753494 -0.12521163  0.29323313 -0.18376848
  0.36193693 -0.40639344  0.39824924  0.58856547 -0.05386641  0.3016947
 -0.08428574  0.42520916]